	bubble	selection	insertion	shell	merge	 quick
comparisons
10	72	45	28	31	21	18
50	2205	1225	561	366	229	161
100	8217	4950	2582	748	535	320
150	21307	11175	5407	1530	894	690
500	238522	124750	65173	7809	3868	2120
10000	97910208	49995000	24676684 311334	120164	46964
15000	222600159	112492500	55701392	572078	188841	97850
20000	395520223	199990000	99067086	745160	260396	96410
25000	617625294	312487500	153728419	1041895333489	124646
30000	887880403	449985000	222223667	2113261407698	141903
running times
500	1	0	0 	0	1	0
10000	384	98	118 	2	2	3
15000	870	223	257 	4	3	5
20000	1573	395	456 	4	4	9
25000	2501	635	728 	9	5	14
30000	3634	894	1025 	11	5	20
35000	4917	1211	1388 	9	6	26
40000	6495	1587	1822 	9	8	33
45000	8245	2005	2334 	12	8	43
50000	10222	2473	2880 	13	9	52
75000	23341	5609	6426 	20	14	117
100000	41626	9926	11616 	25	20	204
150000	95761	23278	26336 	39	30	453
200000	168231	41380	47150 	58	41	817
250000	265898	64742	72015 	68	51	1238
400000	690937	159637	183437 	116	83	3163
500000	1080024	259681	293516 	149	105	4920

